(kicad_pcb (version 20171130) (host pcbnew 5.1.9)

  (general
    (thickness 1.6)
    (drawings 34)
    (tracks 369)
    (zones 0)
    (modules 34)
    (nets 30)
  )

  (page A4)
  (layers
    (0 F.Cu signal)
    (1 In1.Cu power)
    (2 In2.Cu power)
    (31 B.Cu signal)
    (32 B.Adhes user)
    (33 F.Adhes user)
    (34 B.Paste user)
    (35 F.Paste user)
    (36 B.SilkS user)
    (37 F.SilkS user)
    (38 B.Mask user)
    (39 F.Mask user)
    (40 Dwgs.User user hide)
    (41 Cmts.User user)
    (42 Eco1.User user)
    (43 Eco2.User user)
    (44 Edge.Cuts user)
    (45 Margin user)
    (46 B.CrtYd user)
    (47 F.CrtYd user)
    (48 B.Fab user hide)
    (49 F.Fab user hide)
  )

  (setup
    (last_trace_width 0.25)
    (user_trace_width 0.3)
    (user_trace_width 0.5)
    (user_trace_width 0.75)
    (trace_clearance 0.2)
    (zone_clearance 0.508)
    (zone_45_only no)
    (trace_min 0.2)
    (via_size 0.8)
    (via_drill 0.4)
    (via_min_size 0.4)
    (via_min_drill 0.3)
    (user_via 0.8 0.4)
    (user_via 1 0.8)
    (uvia_size 0.3)
    (uvia_drill 0.1)
    (uvias_allowed no)
    (uvia_min_size 0.2)
    (uvia_min_drill 0.1)
    (edge_width 0.05)
    (segment_width 0.2)
    (pcb_text_width 0.3)
    (pcb_text_size 1.5 1.5)
    (mod_edge_width 0.12)
    (mod_text_size 1 1)
    (mod_text_width 0.15)
    (pad_size 1.524 1.524)
    (pad_drill 0.762)
    (pad_to_mask_clearance 0)
    (aux_axis_origin 0 0)
    (visible_elements FFFFFF7F)
    (pcbplotparams
      (layerselection 0x010fc_ffffffff)
      (usegerberextensions false)
      (usegerberattributes true)
      (usegerberadvancedattributes true)
      (creategerberjobfile true)
      (excludeedgelayer true)
      (linewidth 0.100000)
      (plotframeref false)
      (viasonmask false)
      (mode 1)
      (useauxorigin false)
      (hpglpennumber 1)
      (hpglpenspeed 20)
      (hpglpendiameter 15.000000)
      (psnegative false)
      (psa4output false)
      (plotreference true)
      (plotvalue true)
      (plotinvisibletext false)
      (padsonsilk false)
      (subtractmaskfromsilk false)
      (outputformat 1)
      (mirror false)
      (drillshape 1)
      (scaleselection 1)
      (outputdirectory ""))
  )

  (net 0 "")
  (net 1 VCC)
  (net 2 GND)
  (net 3 +3V3)
  (net 4 EN)
  (net 5 BOOT0)
  (net 6 RST)
  (net 7 LED_WIFI)
  (net 8 "Net-(D1-Pad1)")
  (net 9 "Net-(D2-Pad1)")
  (net 10 LED_STATUS)
  (net 11 LED_TX)
  (net 12 "Net-(D3-Pad1)")
  (net 13 "Net-(D4-Pad1)")
  (net 14 LED_RX)
  (net 15 TXD)
  (net 16 RXD)
  (net 17 DTR)
  (net 18 RTS)
  (net 19 "Net-(Q1-Pad2)")
  (net 20 "Net-(Q2-Pad2)")
  (net 21 "Net-(R10-Pad1)")
  (net 22 "Net-(R11-Pad1)")
  (net 23 "Net-(R12-Pad1)")
  (net 24 "Net-(R13-Pad2)")
  (net 25 "Net-(U2-Pad17)")
  (net 26 "Net-(U2-Pad16)")
  (net 27 "Net-(U2-Pad10)")
  (net 28 "Net-(U2-Pad7)")
  (net 29 "Net-(U2-Pad6)")

  (net_class Default "This is the default net class."
    (clearance 0.2)
    (trace_width 0.25)
    (via_dia 0.8)
    (via_drill 0.4)
    (uvia_dia 0.3)
    (uvia_drill 0.1)
    (add_net +3V3)
    (add_net BOOT0)
    (add_net DTR)
    (add_net EN)
    (add_net GND)
    (add_net LED_RX)
    (add_net LED_STATUS)
    (add_net LED_TX)
    (add_net LED_WIFI)
    (add_net "Net-(D1-Pad1)")
    (add_net "Net-(D2-Pad1)")
    (add_net "Net-(D3-Pad1)")
    (add_net "Net-(D4-Pad1)")
    (add_net "Net-(Q1-Pad2)")
    (add_net "Net-(Q2-Pad2)")
    (add_net "Net-(R10-Pad1)")
    (add_net "Net-(R11-Pad1)")
    (add_net "Net-(R12-Pad1)")
    (add_net "Net-(R13-Pad2)")
    (add_net "Net-(U2-Pad10)")
    (add_net "Net-(U2-Pad16)")
    (add_net "Net-(U2-Pad17)")
    (add_net "Net-(U2-Pad6)")
    (add_net "Net-(U2-Pad7)")
    (add_net RST)
    (add_net RTS)
    (add_net RXD)
    (add_net TXD)
    (add_net VCC)
  )

  (module RF_Module:ESP-WROOM-02 (layer F.Cu) (tedit 5B5B45D7) (tstamp 6000D5AE)
    (at 101.92 80.02 90)
    (descr http://espressif.com/sites/default/files/documentation/0c-esp-wroom-02_datasheet_en.pdf)
    (tags "ESP WROOM-02 espressif esp8266ex")
    (path /5FFE38E5)
    (attr smd)
    (fp_text reference U2 (at -6.78 4.08) (layer F.SilkS)
      (effects (font (size 1 1) (thickness 0.15)))
    )
    (fp_text value ESP-WROOM-02 (at 0 8.33 90) (layer F.Fab)
      (effects (font (size 1 1) (thickness 0.15)))
    )
    (fp_line (start -14 -6.8) (end -14 -18.1) (layer Dwgs.User) (width 0.1))
    (fp_line (start 9 6.9) (end 9 -13.1) (layer F.Fab) (width 0.1))
    (fp_line (start -9 6.9) (end 9 6.9) (layer F.Fab) (width 0.1))
    (fp_line (start -9 -13.1) (end -9 -7.5) (layer F.Fab) (width 0.1))
    (fp_line (start -9 -13.1) (end 9 -13.1) (layer F.Fab) (width 0.1))
    (fp_line (start -9.41 7.15) (end -9.41 -6.55) (layer F.CrtYd) (width 0.05))
    (fp_line (start -9.41 7.15) (end 9.41 7.15) (layer F.CrtYd) (width 0.05))
    (fp_line (start 9.41 -6.55) (end 9.41 7.15) (layer F.CrtYd) (width 0.05))
    (fp_line (start -14.25 -18.35) (end 14.25 -18.35) (layer F.CrtYd) (width 0.05))
    (fp_line (start -9 -6.5) (end -9 6.9) (layer F.Fab) (width 0.1))
    (fp_line (start -9 -7.5) (end -8.5 -7) (layer F.Fab) (width 0.1))
    (fp_line (start -8.5 -7) (end -9 -6.5) (layer F.Fab) (width 0.1))
    (fp_line (start -9 -6.8) (end -9 -13.1) (layer Dwgs.User) (width 0.1))
    (fp_line (start 14 -6.8) (end -14 -6.8) (layer Dwgs.User) (width 0.1))
    (fp_line (start 9 -13.1) (end 9 -6.78) (layer Dwgs.User) (width 0.1))
    (fp_line (start -9 -13.1) (end 9 -13.1) (layer Dwgs.User) (width 0.1))
    (fp_line (start 14 -6.8) (end 14 -18.1) (layer Dwgs.User) (width 0.1))
    (fp_line (start 14 -18.1) (end -14 -18.1) (layer Dwgs.User) (width 0.1))
    (fp_line (start -14.25 -18.35) (end -14.25 -6.55) (layer F.CrtYd) (width 0.05))
    (fp_line (start 14.25 -18.35) (end 14.25 -6.55) (layer F.CrtYd) (width 0.05))
    (fp_line (start -14.25 -6.55) (end -9.41 -6.55) (layer F.CrtYd) (width 0.05))
    (fp_line (start 9.41 -6.55) (end 14.25 -6.55) (layer F.CrtYd) (width 0.05))
    (fp_line (start -12 -18.1) (end -14 -16.485) (layer Dwgs.User) (width 0.1))
    (fp_line (start -10 -18.1) (end -14 -14.87) (layer Dwgs.User) (width 0.1))
    (fp_line (start -8 -18.1) (end -14 -13.255) (layer Dwgs.User) (width 0.1))
    (fp_line (start -6 -18.1) (end -14 -11.64) (layer Dwgs.User) (width 0.1))
    (fp_line (start -4 -18.1) (end -14 -10.025) (layer Dwgs.User) (width 0.1))
    (fp_line (start -2 -18.1) (end -14 -8.41) (layer Dwgs.User) (width 0.1))
    (fp_line (start 0 -18.1) (end -14 -6.795) (layer Dwgs.User) (width 0.1))
    (fp_line (start 2 -18.1) (end -12 -6.795) (layer Dwgs.User) (width 0.1))
    (fp_line (start 4 -18.1) (end -10 -6.795) (layer Dwgs.User) (width 0.1))
    (fp_line (start -8 -6.795) (end 6 -18.1) (layer Dwgs.User) (width 0.1))
    (fp_line (start 8 -18.1) (end -6 -6.795) (layer Dwgs.User) (width 0.1))
    (fp_line (start 10 -18.1) (end -4 -6.795) (layer Dwgs.User) (width 0.1))
    (fp_line (start 12 -18.1) (end -2 -6.795) (layer Dwgs.User) (width 0.1))
    (fp_line (start 14 -18.1) (end 0 -6.795) (layer Dwgs.User) (width 0.1))
    (fp_line (start 14 -16.485) (end 2 -6.795) (layer Dwgs.User) (width 0.1))
    (fp_line (start 14 -14.87) (end 4 -6.795) (layer Dwgs.User) (width 0.1))
    (fp_line (start 14 -13.255) (end 6 -6.795) (layer Dwgs.User) (width 0.1))
    (fp_line (start 14 -11.64) (end 8 -6.795) (layer Dwgs.User) (width 0.1))
    (fp_line (start 14 -10.025) (end 10 -6.795) (layer Dwgs.User) (width 0.1))
    (fp_line (start 14 -8.41) (end 12 -6.795) (layer Dwgs.User) (width 0.1))
    (fp_line (start 9.2 -10.7) (end 13.8 -10.7) (layer Cmts.User) (width 0.1))
    (fp_line (start 13.8 -10.7) (end 13.6 -10.9) (layer Cmts.User) (width 0.1))
    (fp_line (start 13.8 -10.7) (end 13.6 -10.5) (layer Cmts.User) (width 0.1))
    (fp_line (start 9.2 -10.7) (end 9.4 -10.9) (layer Cmts.User) (width 0.1))
    (fp_line (start 9.2 -10.7) (end 9.4 -10.5) (layer Cmts.User) (width 0.1))
    (fp_line (start -13.8 -10.7) (end -13.6 -10.9) (layer Cmts.User) (width 0.1))
    (fp_line (start -13.8 -10.7) (end -13.6 -10.5) (layer Cmts.User) (width 0.1))
    (fp_line (start -9.2 -10.7) (end -9.4 -10.5) (layer Cmts.User) (width 0.1))
    (fp_line (start -13.8 -10.7) (end -9.2 -10.7) (layer Cmts.User) (width 0.1))
    (fp_line (start -9.2 -10.7) (end -9.4 -10.9) (layer Cmts.User) (width 0.1))
    (fp_line (start 8.3 -13.3) (end 8.1 -13.5) (layer Cmts.User) (width 0.1))
    (fp_line (start 8.3 -13.3) (end 8.5 -13.5) (layer Cmts.User) (width 0.1))
    (fp_line (start 8.3 -17.9) (end 8.5 -17.7) (layer Cmts.User) (width 0.1))
    (fp_line (start 8.3 -13.3) (end 8.3 -17.9) (layer Cmts.User) (width 0.1))
    (fp_line (start 8.3 -17.9) (end 8.1 -17.7) (layer Cmts.User) (width 0.1))
    (fp_line (start -9.12 6.8) (end -9.12 7.02) (layer F.SilkS) (width 0.1))
    (fp_line (start -9.12 7.02) (end -8.1 7.02) (layer F.SilkS) (width 0.1))
    (fp_line (start 9.12 6.7) (end 9.12 7) (layer F.SilkS) (width 0.1))
    (fp_line (start 8 7.02) (end 9.12 7.02) (layer F.SilkS) (width 0.1))
    (fp_line (start -9.12 -13.22) (end 9.12 -13.22) (layer F.SilkS) (width 0.1))
    (fp_line (start 9.12 -13.22) (end 9.12 -6.7) (layer F.SilkS) (width 0.1))
    (fp_line (start -9.12 -13.22) (end -9.12 -6.9) (layer F.SilkS) (width 0.1))
    (fp_line (start -9.12 -6.9) (end -11 -6.9) (layer F.SilkS) (width 0.1))
    (fp_text user "5 mm" (at 7.8 -15.9) (layer Cmts.User)
      (effects (font (size 0.5 0.5) (thickness 0.1)))
    )
    (fp_text user "5 mm" (at -11.2 -11.2 90) (layer Cmts.User)
      (effects (font (size 0.5 0.5) (thickness 0.1)))
    )
    (fp_text user "5 mm" (at 11.8 -11.2 90) (layer Cmts.User)
      (effects (font (size 0.5 0.5) (thickness 0.1)))
    )
    (fp_text user Antenna (at 0 -10 90) (layer Cmts.User)
      (effects (font (size 1 1) (thickness 0.15)))
    )
    (fp_text user "KEEP-OUT ZONE" (at 0 -16 90) (layer Cmts.User)
      (effects (font (size 1 1) (thickness 0.15)))
    )
    (fp_text user %R (at 0 0 90) (layer F.Fab)
      (effects (font (size 1 1) (thickness 0.15)))
    )
    (pad 18 smd rect (at 8.7375 -6 90) (size 0.85 0.9125) (layers F.Cu F.Paste F.Mask)
      (net 2 GND))
    (pad 17 smd rect (at 8.7375 -4.5 90) (size 0.85 0.9125) (layers F.Cu F.Paste F.Mask)
      (net 25 "Net-(U2-Pad17)"))
    (pad 16 smd rect (at 8.7375 -3 90) (size 0.85 0.9125) (layers F.Cu F.Paste F.Mask)
      (net 26 "Net-(U2-Pad16)"))
    (pad 15 smd rect (at 8.7375 -1.5 90) (size 0.85 0.9125) (layers F.Cu F.Paste F.Mask)
      (net 6 RST))
    (pad 14 smd rect (at 8.7375 0 90) (size 0.85 0.9125) (layers F.Cu F.Paste F.Mask)
      (net 7 LED_WIFI))
    (pad 13 smd rect (at 8.7375 1.5 90) (size 0.85 0.9125) (layers F.Cu F.Paste F.Mask)
      (net 2 GND))
    (pad 12 smd rect (at 8.7375 3 90) (size 0.85 0.9125) (layers F.Cu F.Paste F.Mask)
      (net 23 "Net-(R12-Pad1)"))
    (pad 11 smd rect (at 8.7375 4.5 90) (size 0.85 0.9125) (layers F.Cu F.Paste F.Mask)
      (net 22 "Net-(R11-Pad1)"))
    (pad 10 smd rect (at 8.7375 6 90) (size 0.85 0.9125) (layers F.Cu F.Paste F.Mask)
      (net 27 "Net-(U2-Pad10)"))
    (pad 9 smd rect (at -8.7375 6 90) (size 0.85 0.9125) (layers F.Cu F.Paste F.Mask)
      (net 2 GND))
    (pad 8 smd rect (at -8.7375 4.5 90) (size 0.85 0.9125) (layers F.Cu F.Paste F.Mask)
      (net 24 "Net-(R13-Pad2)"))
    (pad 7 smd rect (at -8.7375 3 90) (size 0.85 0.9125) (layers F.Cu F.Paste F.Mask)
      (net 28 "Net-(U2-Pad7)"))
    (pad 6 smd rect (at -8.7375 1.5 90) (size 0.85 0.9125) (layers F.Cu F.Paste F.Mask)
      (net 29 "Net-(U2-Pad6)"))
    (pad 5 smd rect (at -8.7375 0 90) (size 0.85 0.9125) (layers F.Cu F.Paste F.Mask)
      (net 11 LED_TX))
    (pad 4 smd rect (at -8.7375 -1.5 90) (size 0.85 0.9125) (layers F.Cu F.Paste F.Mask)
      (net 14 LED_RX))
    (pad 3 smd rect (at -8.7375 -3 90) (size 0.85 0.9125) (layers F.Cu F.Paste F.Mask)
      (net 10 LED_STATUS))
    (pad 2 smd rect (at -8.7375 -4.5 90) (size 0.85 0.9125) (layers F.Cu F.Paste F.Mask)
      (net 21 "Net-(R10-Pad1)"))
    (pad 1 smd rect (at -8.7375 -6 90) (size 0.85 0.9125) (layers F.Cu F.Paste F.Mask)
      (net 3 +3V3))
    (pad 19 smd rect (at 1.12 0.58 90) (size 4.3 4.3) (layers F.Cu F.Paste F.Mask)
      (net 2 GND))
    (model ${KISYS3DMOD}/RF_Module.3dshapes/ESP-WROOM-02.wrl
      (at (xyz 0 0 0))
      (scale (xyz 1 1 1))
      (rotate (xyz 0 0 0))
    )
  )

  (module Connector_PinHeader_2.54mm:PinHeader_1x05_P2.54mm_Vertical (layer B.Cu) (tedit 59FED5CC) (tstamp 60002487)
    (at 109.75 91.25 90)
    (descr "Through hole straight pin header, 1x05, 2.54mm pitch, single row")
    (tags "Through hole pin header THT 1x05 2.54mm single row")
    (path /6012365C)
    (fp_text reference J2 (at 0 2.33 270) (layer B.Fab)
      (effects (font (size 1 1) (thickness 0.15)) (justify mirror))
    )
    (fp_text value Side (at 0 -12.49 -90) (layer B.Fab)
      (effects (font (size 1 1) (thickness 0.15)) (justify mirror))
    )
    (fp_line (start 1.8 1.8) (end -1.8 1.8) (layer B.CrtYd) (width 0.05))
    (fp_line (start 1.8 -11.95) (end 1.8 1.8) (layer B.CrtYd) (width 0.05))
    (fp_line (start -1.8 -11.95) (end 1.8 -11.95) (layer B.CrtYd) (width 0.05))
    (fp_line (start -1.8 1.8) (end -1.8 -11.95) (layer B.CrtYd) (width 0.05))
    (fp_line (start -1.33 1.33) (end 0 1.33) (layer B.SilkS) (width 0.12))
    (fp_line (start -1.33 0) (end -1.33 1.33) (layer B.SilkS) (width 0.12))
    (fp_line (start -1.33 -1.27) (end 1.33 -1.27) (layer B.SilkS) (width 0.12))
    (fp_line (start 1.33 -1.27) (end 1.33 -11.49) (layer B.SilkS) (width 0.12))
    (fp_line (start -1.33 -1.27) (end -1.33 -11.49) (layer B.SilkS) (width 0.12))
    (fp_line (start -1.33 -11.49) (end 1.33 -11.49) (layer B.SilkS) (width 0.12))
    (fp_line (start -1.27 0.635) (end -0.635 1.27) (layer B.Fab) (width 0.1))
    (fp_line (start -1.27 -11.43) (end -1.27 0.635) (layer B.Fab) (width 0.1))
    (fp_line (start 1.27 -11.43) (end -1.27 -11.43) (layer B.Fab) (width 0.1))
    (fp_line (start 1.27 1.27) (end 1.27 -11.43) (layer B.Fab) (width 0.1))
    (fp_line (start -0.635 1.27) (end 1.27 1.27) (layer B.Fab) (width 0.1))
    (fp_text user %R (at 0 -5.08) (layer B.Fab)
      (effects (font (size 1 1) (thickness 0.15)) (justify mirror))
    )
    (pad 1 thru_hole rect (at 0 0 90) (size 1.7 1.7) (drill 1) (layers *.Cu *.Mask)
      (net 1 VCC))
    (pad 2 thru_hole oval (at 0 -2.54 90) (size 1.7 1.7) (drill 1) (layers *.Cu *.Mask)
      (net 4 EN))
    (pad 3 thru_hole oval (at 0 -5.08 90) (size 1.7 1.7) (drill 1) (layers *.Cu *.Mask)
      (net 5 BOOT0))
    (pad 4 thru_hole oval (at 0 -7.62 90) (size 1.7 1.7) (drill 1) (layers *.Cu *.Mask)
      (net 17 DTR))
    (pad 5 thru_hole oval (at 0 -10.16 90) (size 1.7 1.7) (drill 1) (layers *.Cu *.Mask)
      (net 18 RTS))
    (model ${KISYS3DMOD}/Connector_PinHeader_2.54mm.3dshapes/PinHeader_1x05_P2.54mm_Vertical.wrl
      (at (xyz 0 0 0))
      (scale (xyz 1 1 1))
      (rotate (xyz 0 0 0))
    )
  )

  (module SS8050-G:SS8050-G (layer B.Cu) (tedit 0) (tstamp 5FFFA398)
    (at 101.5 76.46856)
    (path /6000E39C)
    (fp_text reference Q1 (at 0 0) (layer B.SilkS)
      (effects (font (size 1 1) (thickness 0.15)) (justify mirror))
    )
    (fp_text value SS8050-G (at 0 0) (layer B.Fab)
      (effects (font (size 1 1) (thickness 0.15)) (justify mirror))
    )
    (fp_line (start -0.696 -0.6985) (end -1.204 -0.6985) (layer B.Fab) (width 0.1524))
    (fp_line (start -1.204 -0.6985) (end -1.204 -1.275) (layer B.Fab) (width 0.1524))
    (fp_line (start -1.204 -1.275) (end -0.696 -1.275) (layer B.Fab) (width 0.1524))
    (fp_line (start -0.696 -1.275) (end -0.696 -0.6985) (layer B.Fab) (width 0.1524))
    (fp_line (start 1.204 -0.6985) (end 0.696 -0.6985) (layer B.Fab) (width 0.1524))
    (fp_line (start 0.696 -0.6985) (end 0.696 -1.275) (layer B.Fab) (width 0.1524))
    (fp_line (start 0.696 -1.275) (end 1.204 -1.275) (layer B.Fab) (width 0.1524))
    (fp_line (start 1.204 -1.275) (end 1.204 -0.6985) (layer B.Fab) (width 0.1524))
    (fp_line (start -0.254 0.6985) (end 0.254 0.6985) (layer B.Fab) (width 0.1524))
    (fp_line (start 0.254 0.6985) (end 0.254 1.275) (layer B.Fab) (width 0.1524))
    (fp_line (start 0.254 1.275) (end -0.254 1.275) (layer B.Fab) (width 0.1524))
    (fp_line (start -0.254 1.275) (end -0.254 0.6985) (layer B.Fab) (width 0.1524))
    (fp_line (start -0.333261 -0.8255) (end 0.333261 -0.8255) (layer B.SilkS) (width 0.1524))
    (fp_line (start 1.6256 -0.8255) (end 1.6256 0.8255) (layer B.SilkS) (width 0.1524))
    (fp_line (start 1.6256 0.8255) (end 0.61674 0.8255) (layer B.SilkS) (width 0.1524))
    (fp_line (start -1.6256 0.8255) (end -1.6256 -0.8255) (layer B.SilkS) (width 0.1524))
    (fp_line (start -1.4986 -0.6985) (end 1.4986 -0.6985) (layer B.Fab) (width 0.1524))
    (fp_line (start 1.4986 -0.6985) (end 1.4986 0.6985) (layer B.Fab) (width 0.1524))
    (fp_line (start 1.4986 0.6985) (end -1.4986 0.6985) (layer B.Fab) (width 0.1524))
    (fp_line (start -1.4986 0.6985) (end -1.4986 -0.6985) (layer B.Fab) (width 0.1524))
    (fp_line (start -0.61674 0.8255) (end -1.6256 0.8255) (layer B.SilkS) (width 0.1524))
    (fp_line (start -1.7526 0.9525) (end -0.508 0.9525) (layer B.CrtYd) (width 0.1524))
    (fp_line (start -0.508 0.9525) (end -0.508 1.878999) (layer B.CrtYd) (width 0.1524))
    (fp_line (start -0.508 1.878999) (end 0.508 1.878999) (layer B.CrtYd) (width 0.1524))
    (fp_line (start 0.508 1.878999) (end 0.508 0.9525) (layer B.CrtYd) (width 0.1524))
    (fp_line (start 0.508 0.9525) (end 1.7526 0.9525) (layer B.CrtYd) (width 0.1524))
    (fp_line (start 1.7526 0.9525) (end 1.7526 -0.9525) (layer B.CrtYd) (width 0.1524))
    (fp_line (start 1.7526 -0.9525) (end 1.458 -0.9525) (layer B.CrtYd) (width 0.1524))
    (fp_line (start 1.458 -0.9525) (end 1.458 -1.878999) (layer B.CrtYd) (width 0.1524))
    (fp_line (start 1.458 -1.878999) (end -1.458 -1.878999) (layer B.CrtYd) (width 0.1524))
    (fp_line (start -1.458 -1.878999) (end -1.458 -0.9525) (layer B.CrtYd) (width 0.1524))
    (fp_line (start -1.458 -0.9525) (end -1.7526 -0.9525) (layer B.CrtYd) (width 0.1524))
    (fp_line (start -1.7526 -0.9525) (end -1.7526 0.9525) (layer B.CrtYd) (width 0.1524))
    (fp_circle (center -0.95 -2.386999) (end -0.8738 -2.386999) (layer B.SilkS) (width 0.1524))
    (fp_circle (center -0.95 -0.4445) (end -0.8738 -0.4445) (layer B.Fab) (width 0.1524))
    (fp_text user 0.048in/1.208mm (at 3.2766 -1.021) (layer Dwgs.User)
      (effects (font (size 1 1) (thickness 0.15)))
    )
    (fp_text user 0.022in/0.568mm (at 0 3.053) (layer Dwgs.User)
      (effects (font (size 1 1) (thickness 0.15)))
    )
    (fp_text user * (at 0 0) (layer B.Fab)
      (effects (font (size 1 1) (thickness 0.15)) (justify mirror))
    )
    (fp_text user * (at 0 0) (layer B.Fab)
      (effects (font (size 1 1) (thickness 0.15)) (justify mirror))
    )
    (pad 3 smd rect (at 0 1.021) (size 0.568 1.207999) (layers B.Cu B.Paste B.Mask)
      (net 4 EN))
    (pad 2 smd rect (at 0.950001 -1.020999) (size 0.568 1.207999) (layers B.Cu B.Paste B.Mask)
      (net 19 "Net-(Q1-Pad2)"))
    (pad 1 smd rect (at -0.950001 -1.020999) (size 0.568 1.207999) (layers B.Cu B.Paste B.Mask)
      (net 18 RTS))
    (model ${KIPRJMOD}/../libraries/SS8050-G/TRAN_SS8050-G_CIP.step
      (at (xyz 0 0 0))
      (scale (xyz 1 1 1))
      (rotate (xyz 0 0 0))
    )
  )

  (module Resistor_SMD:R_0603_1608Metric_Pad0.98x0.95mm_HandSolder (layer B.Cu) (tedit 5F68FEEE) (tstamp 5FFFA53C)
    (at 109.75 73)
    (descr "Resistor SMD 0603 (1608 Metric), square (rectangular) end terminal, IPC_7351 nominal with elongated pad for handsoldering. (Body size source: IPC-SM-782 page 72, https://www.pcb-3d.com/wordpress/wp-content/uploads/ipc-sm-782a_amendment_1_and_2.pdf), generated with kicad-footprint-generator")
    (tags "resistor handsolder")
    (path /6002C02D)
    (attr smd)
    (fp_text reference R1 (at 0.75 -1.2) (layer B.SilkS)
      (effects (font (size 0.7 0.7) (thickness 0.15)) (justify mirror))
    )
    (fp_text value 1k5 (at 0 -1.43) (layer B.Fab)
      (effects (font (size 1 1) (thickness 0.15)) (justify mirror))
    )
    (fp_line (start 1.65 -0.73) (end -1.65 -0.73) (layer B.CrtYd) (width 0.05))
    (fp_line (start 1.65 0.73) (end 1.65 -0.73) (layer B.CrtYd) (width 0.05))
    (fp_line (start -1.65 0.73) (end 1.65 0.73) (layer B.CrtYd) (width 0.05))
    (fp_line (start -1.65 -0.73) (end -1.65 0.73) (layer B.CrtYd) (width 0.05))
    (fp_line (start -0.254724 -0.5225) (end 0.254724 -0.5225) (layer B.SilkS) (width 0.12))
    (fp_line (start -0.254724 0.5225) (end 0.254724 0.5225) (layer B.SilkS) (width 0.12))
    (fp_line (start 0.8 -0.4125) (end -0.8 -0.4125) (layer B.Fab) (width 0.1))
    (fp_line (start 0.8 0.4125) (end 0.8 -0.4125) (layer B.Fab) (width 0.1))
    (fp_line (start -0.8 0.4125) (end 0.8 0.4125) (layer B.Fab) (width 0.1))
    (fp_line (start -0.8 -0.4125) (end -0.8 0.4125) (layer B.Fab) (width 0.1))
    (fp_text user %R (at 0 0) (layer B.Fab)
      (effects (font (size 0.4 0.4) (thickness 0.06)) (justify mirror))
    )
    (pad 1 smd roundrect (at -0.9125 0) (size 0.975 0.95) (layers B.Cu B.Paste B.Mask) (roundrect_rratio 0.25)
      (net 2 GND))
    (pad 2 smd roundrect (at 0.9125 0) (size 0.975 0.95) (layers B.Cu B.Paste B.Mask) (roundrect_rratio 0.25)
      (net 8 "Net-(D1-Pad1)"))
    (model ${KISYS3DMOD}/Resistor_SMD.3dshapes/R_0603_1608Metric.wrl
      (at (xyz 0 0 0))
      (scale (xyz 1 1 1))
      (rotate (xyz 0 0 0))
    )
  )

  (module Capacitor_SMD:C_1206_3216Metric_Pad1.33x1.80mm_HandSolder (layer F.Cu) (tedit 5F68FEEF) (tstamp 5FFFA2B4)
    (at 110.3 79.96682 90)
    (descr "Capacitor SMD 1206 (3216 Metric), square (rectangular) end terminal, IPC_7351 nominal with elongated pad for handsoldering. (Body size source: IPC-SM-782 page 76, https://www.pcb-3d.com/wordpress/wp-content/uploads/ipc-sm-782a_amendment_1_and_2.pdf), generated with kicad-footprint-generator")
    (tags "capacitor handsolder")
    (path /5FFE6E76)
    (attr smd)
    (fp_text reference C1 (at 0 0.04064 270) (layer F.SilkS)
      (effects (font (size 0.7 0.7) (thickness 0.15)))
    )
    (fp_text value 22u (at 0 1.85 270) (layer F.Fab)
      (effects (font (size 1 1) (thickness 0.15)))
    )
    (fp_line (start 2.48 1.15) (end -2.48 1.15) (layer F.CrtYd) (width 0.05))
    (fp_line (start 2.48 -1.15) (end 2.48 1.15) (layer F.CrtYd) (width 0.05))
    (fp_line (start -2.48 -1.15) (end 2.48 -1.15) (layer F.CrtYd) (width 0.05))
    (fp_line (start -2.48 1.15) (end -2.48 -1.15) (layer F.CrtYd) (width 0.05))
    (fp_line (start -0.711252 0.91) (end 0.711252 0.91) (layer F.SilkS) (width 0.12))
    (fp_line (start -0.711252 -0.91) (end 0.711252 -0.91) (layer F.SilkS) (width 0.12))
    (fp_line (start 1.6 0.8) (end -1.6 0.8) (layer F.Fab) (width 0.1))
    (fp_line (start 1.6 -0.8) (end 1.6 0.8) (layer F.Fab) (width 0.1))
    (fp_line (start -1.6 -0.8) (end 1.6 -0.8) (layer F.Fab) (width 0.1))
    (fp_line (start -1.6 0.8) (end -1.6 -0.8) (layer F.Fab) (width 0.1))
    (fp_text user %R (at 0 0 270) (layer F.Fab)
      (effects (font (size 0.8 0.8) (thickness 0.12)))
    )
    (pad 1 smd roundrect (at -1.5625 0 90) (size 1.325 1.8) (layers F.Cu F.Paste F.Mask) (roundrect_rratio 0.188679)
      (net 1 VCC))
    (pad 2 smd roundrect (at 1.5625 0 90) (size 1.325 1.8) (layers F.Cu F.Paste F.Mask) (roundrect_rratio 0.188679)
      (net 2 GND))
    (model ${KISYS3DMOD}/Capacitor_SMD.3dshapes/C_1206_3216Metric.wrl
      (at (xyz 0 0 0))
      (scale (xyz 1 1 1))
      (rotate (xyz 0 0 0))
    )
  )

  (module Capacitor_SMD:C_1206_3216Metric_Pad1.33x1.80mm_HandSolder (layer B.Cu) (tedit 5F68FEEF) (tstamp 5FFF9E1C)
    (at 100.84816 85.00364 90)
    (descr "Capacitor SMD 1206 (3216 Metric), square (rectangular) end terminal, IPC_7351 nominal with elongated pad for handsoldering. (Body size source: IPC-SM-782 page 76, https://www.pcb-3d.com/wordpress/wp-content/uploads/ipc-sm-782a_amendment_1_and_2.pdf), generated with kicad-footprint-generator")
    (tags "capacitor handsolder")
    (path /5FFE705A)
    (attr smd)
    (fp_text reference C2 (at -0.09636 0.05184) (layer B.SilkS)
      (effects (font (size 0.7 0.7) (thickness 0.15)) (justify mirror))
    )
    (fp_text value 22u (at 0 -1.85 270) (layer B.Fab)
      (effects (font (size 1 1) (thickness 0.15)) (justify mirror))
    )
    (fp_line (start -1.6 -0.8) (end -1.6 0.8) (layer B.Fab) (width 0.1))
    (fp_line (start -1.6 0.8) (end 1.6 0.8) (layer B.Fab) (width 0.1))
    (fp_line (start 1.6 0.8) (end 1.6 -0.8) (layer B.Fab) (width 0.1))
    (fp_line (start 1.6 -0.8) (end -1.6 -0.8) (layer B.Fab) (width 0.1))
    (fp_line (start -0.711252 0.91) (end 0.711252 0.91) (layer B.SilkS) (width 0.12))
    (fp_line (start -0.711252 -0.91) (end 0.711252 -0.91) (layer B.SilkS) (width 0.12))
    (fp_line (start -2.48 -1.15) (end -2.48 1.15) (layer B.CrtYd) (width 0.05))
    (fp_line (start -2.48 1.15) (end 2.48 1.15) (layer B.CrtYd) (width 0.05))
    (fp_line (start 2.48 1.15) (end 2.48 -1.15) (layer B.CrtYd) (width 0.05))
    (fp_line (start 2.48 -1.15) (end -2.48 -1.15) (layer B.CrtYd) (width 0.05))
    (fp_text user %R (at 0 0 270) (layer B.Fab)
      (effects (font (size 0.8 0.8) (thickness 0.12)) (justify mirror))
    )
    (pad 2 smd roundrect (at 1.5625 0 90) (size 1.325 1.8) (layers B.Cu B.Paste B.Mask) (roundrect_rratio 0.188679)
      (net 2 GND))
    (pad 1 smd roundrect (at -1.5625 0 90) (size 1.325 1.8) (layers B.Cu B.Paste B.Mask) (roundrect_rratio 0.188679)
      (net 3 +3V3))
    (model ${KISYS3DMOD}/Capacitor_SMD.3dshapes/C_1206_3216Metric.wrl
      (at (xyz 0 0 0))
      (scale (xyz 1 1 1))
      (rotate (xyz 0 0 0))
    )
  )

  (module Capacitor_SMD:C_0603_1608Metric_Pad1.08x0.95mm_HandSolder (layer F.Cu) (tedit 5F68FEEF) (tstamp 5FFF9D7A)
    (at 101.25 68.1375 270)
    (descr "Capacitor SMD 0603 (1608 Metric), square (rectangular) end terminal, IPC_7351 nominal with elongated pad for handsoldering. (Body size source: IPC-SM-782 page 76, https://www.pcb-3d.com/wordpress/wp-content/uploads/ipc-sm-782a_amendment_1_and_2.pdf), generated with kicad-footprint-generator")
    (tags "capacitor handsolder")
    (path /5FFED6A8)
    (attr smd)
    (fp_text reference C3 (at 0 -1.3318 90) (layer F.SilkS)
      (effects (font (size 0.7 0.7) (thickness 0.15)))
    )
    (fp_text value 0u1 (at 0 1.43 90) (layer F.Fab)
      (effects (font (size 1 1) (thickness 0.15)))
    )
    (fp_line (start 1.65 0.73) (end -1.65 0.73) (layer F.CrtYd) (width 0.05))
    (fp_line (start 1.65 -0.73) (end 1.65 0.73) (layer F.CrtYd) (width 0.05))
    (fp_line (start -1.65 -0.73) (end 1.65 -0.73) (layer F.CrtYd) (width 0.05))
    (fp_line (start -1.65 0.73) (end -1.65 -0.73) (layer F.CrtYd) (width 0.05))
    (fp_line (start -0.146267 0.51) (end 0.146267 0.51) (layer F.SilkS) (width 0.12))
    (fp_line (start -0.146267 -0.51) (end 0.146267 -0.51) (layer F.SilkS) (width 0.12))
    (fp_line (start 0.8 0.4) (end -0.8 0.4) (layer F.Fab) (width 0.1))
    (fp_line (start 0.8 -0.4) (end 0.8 0.4) (layer F.Fab) (width 0.1))
    (fp_line (start -0.8 -0.4) (end 0.8 -0.4) (layer F.Fab) (width 0.1))
    (fp_line (start -0.8 0.4) (end -0.8 -0.4) (layer F.Fab) (width 0.1))
    (fp_text user %R (at 0 0 90) (layer F.Fab)
      (effects (font (size 0.4 0.4) (thickness 0.06)))
    )
    (pad 1 smd roundrect (at -0.8625 0 270) (size 1.075 0.95) (layers F.Cu F.Paste F.Mask) (roundrect_rratio 0.25)
      (net 2 GND))
    (pad 2 smd roundrect (at 0.8625 0 270) (size 1.075 0.95) (layers F.Cu F.Paste F.Mask) (roundrect_rratio 0.25)
      (net 4 EN))
    (model ${KISYS3DMOD}/Capacitor_SMD.3dshapes/C_0603_1608Metric.wrl
      (at (xyz 0 0 0))
      (scale (xyz 1 1 1))
      (rotate (xyz 0 0 0))
    )
  )

  (module Capacitor_SMD:C_0603_1608Metric_Pad1.08x0.95mm_HandSolder (layer B.Cu) (tedit 5F68FEEF) (tstamp 5FFFA50C)
    (at 101.25 68.1375 270)
    (descr "Capacitor SMD 0603 (1608 Metric), square (rectangular) end terminal, IPC_7351 nominal with elongated pad for handsoldering. (Body size source: IPC-SM-782 page 76, https://www.pcb-3d.com/wordpress/wp-content/uploads/ipc-sm-782a_amendment_1_and_2.pdf), generated with kicad-footprint-generator")
    (tags "capacitor handsolder")
    (path /5FFE3AB3)
    (attr smd)
    (fp_text reference C4 (at 0.1625 -1.25 90) (layer B.SilkS)
      (effects (font (size 0.7 0.7) (thickness 0.15)) (justify mirror))
    )
    (fp_text value 0u1 (at 0 -1.43 90) (layer B.Fab)
      (effects (font (size 1 1) (thickness 0.15)) (justify mirror))
    )
    (fp_line (start 1.65 -0.73) (end -1.65 -0.73) (layer B.CrtYd) (width 0.05))
    (fp_line (start 1.65 0.73) (end 1.65 -0.73) (layer B.CrtYd) (width 0.05))
    (fp_line (start -1.65 0.73) (end 1.65 0.73) (layer B.CrtYd) (width 0.05))
    (fp_line (start -1.65 -0.73) (end -1.65 0.73) (layer B.CrtYd) (width 0.05))
    (fp_line (start -0.146267 -0.51) (end 0.146267 -0.51) (layer B.SilkS) (width 0.12))
    (fp_line (start -0.146267 0.51) (end 0.146267 0.51) (layer B.SilkS) (width 0.12))
    (fp_line (start 0.8 -0.4) (end -0.8 -0.4) (layer B.Fab) (width 0.1))
    (fp_line (start 0.8 0.4) (end 0.8 -0.4) (layer B.Fab) (width 0.1))
    (fp_line (start -0.8 0.4) (end 0.8 0.4) (layer B.Fab) (width 0.1))
    (fp_line (start -0.8 -0.4) (end -0.8 0.4) (layer B.Fab) (width 0.1))
    (fp_text user %R (at 0 0 90) (layer B.Fab)
      (effects (font (size 0.4 0.4) (thickness 0.06)) (justify mirror))
    )
    (pad 1 smd roundrect (at -0.8625 0 270) (size 1.075 0.95) (layers B.Cu B.Paste B.Mask) (roundrect_rratio 0.25)
      (net 2 GND))
    (pad 2 smd roundrect (at 0.8625 0 270) (size 1.075 0.95) (layers B.Cu B.Paste B.Mask) (roundrect_rratio 0.25)
      (net 5 BOOT0))
    (model ${KISYS3DMOD}/Capacitor_SMD.3dshapes/C_0603_1608Metric.wrl
      (at (xyz 0 0 0))
      (scale (xyz 1 1 1))
      (rotate (xyz 0 0 0))
    )
  )

  (module Capacitor_SMD:C_1206_3216Metric_Pad1.33x1.80mm_HandSolder (layer B.Cu) (tedit 5F68FEEF) (tstamp 5FFFA4AC)
    (at 98.29292 84.99348 90)
    (descr "Capacitor SMD 1206 (3216 Metric), square (rectangular) end terminal, IPC_7351 nominal with elongated pad for handsoldering. (Body size source: IPC-SM-782 page 76, https://www.pcb-3d.com/wordpress/wp-content/uploads/ipc-sm-782a_amendment_1_and_2.pdf), generated with kicad-footprint-generator")
    (tags "capacitor handsolder")
    (path /600563A7)
    (attr smd)
    (fp_text reference C5 (at -0.10652 0.00708 180) (layer B.SilkS)
      (effects (font (size 0.7 0.7) (thickness 0.15)) (justify mirror))
    )
    (fp_text value 22u (at 0 -1.85 90) (layer B.Fab)
      (effects (font (size 1 1) (thickness 0.15)) (justify mirror))
    )
    (fp_line (start 2.48 -1.15) (end -2.48 -1.15) (layer B.CrtYd) (width 0.05))
    (fp_line (start 2.48 1.15) (end 2.48 -1.15) (layer B.CrtYd) (width 0.05))
    (fp_line (start -2.48 1.15) (end 2.48 1.15) (layer B.CrtYd) (width 0.05))
    (fp_line (start -2.48 -1.15) (end -2.48 1.15) (layer B.CrtYd) (width 0.05))
    (fp_line (start -0.711252 -0.91) (end 0.711252 -0.91) (layer B.SilkS) (width 0.12))
    (fp_line (start -0.711252 0.91) (end 0.711252 0.91) (layer B.SilkS) (width 0.12))
    (fp_line (start 1.6 -0.8) (end -1.6 -0.8) (layer B.Fab) (width 0.1))
    (fp_line (start 1.6 0.8) (end 1.6 -0.8) (layer B.Fab) (width 0.1))
    (fp_line (start -1.6 0.8) (end 1.6 0.8) (layer B.Fab) (width 0.1))
    (fp_line (start -1.6 -0.8) (end -1.6 0.8) (layer B.Fab) (width 0.1))
    (fp_text user %R (at 0 0 90) (layer B.Fab)
      (effects (font (size 0.8 0.8) (thickness 0.12)) (justify mirror))
    )
    (pad 1 smd roundrect (at -1.5625 0 90) (size 1.325 1.8) (layers B.Cu B.Paste B.Mask) (roundrect_rratio 0.188679)
      (net 3 +3V3))
    (pad 2 smd roundrect (at 1.5625 0 90) (size 1.325 1.8) (layers B.Cu B.Paste B.Mask) (roundrect_rratio 0.188679)
      (net 2 GND))
    (model ${KISYS3DMOD}/Capacitor_SMD.3dshapes/C_1206_3216Metric.wrl
      (at (xyz 0 0 0))
      (scale (xyz 1 1 1))
      (rotate (xyz 0 0 0))
    )
  )

  (module Capacitor_SMD:C_0603_1608Metric_Pad1.08x0.95mm_HandSolder (layer B.Cu) (tedit 5F68FEEF) (tstamp 5FFFA2E4)
    (at 96.21012 85.81136 90)
    (descr "Capacitor SMD 0603 (1608 Metric), square (rectangular) end terminal, IPC_7351 nominal with elongated pad for handsoldering. (Body size source: IPC-SM-782 page 76, https://www.pcb-3d.com/wordpress/wp-content/uploads/ipc-sm-782a_amendment_1_and_2.pdf), generated with kicad-footprint-generator")
    (tags "capacitor handsolder")
    (path /60055AED)
    (attr smd)
    (fp_text reference C6 (at 2.21136 0.08988 180) (layer B.SilkS)
      (effects (font (size 0.7 0.7) (thickness 0.15)) (justify mirror))
    )
    (fp_text value 0u1 (at 0 -1.43 90) (layer B.Fab)
      (effects (font (size 1 1) (thickness 0.15)) (justify mirror))
    )
    (fp_line (start 1.65 -0.73) (end -1.65 -0.73) (layer B.CrtYd) (width 0.05))
    (fp_line (start 1.65 0.73) (end 1.65 -0.73) (layer B.CrtYd) (width 0.05))
    (fp_line (start -1.65 0.73) (end 1.65 0.73) (layer B.CrtYd) (width 0.05))
    (fp_line (start -1.65 -0.73) (end -1.65 0.73) (layer B.CrtYd) (width 0.05))
    (fp_line (start -0.146267 -0.51) (end 0.146267 -0.51) (layer B.SilkS) (width 0.12))
    (fp_line (start -0.146267 0.51) (end 0.146267 0.51) (layer B.SilkS) (width 0.12))
    (fp_line (start 0.8 -0.4) (end -0.8 -0.4) (layer B.Fab) (width 0.1))
    (fp_line (start 0.8 0.4) (end 0.8 -0.4) (layer B.Fab) (width 0.1))
    (fp_line (start -0.8 0.4) (end 0.8 0.4) (layer B.Fab) (width 0.1))
    (fp_line (start -0.8 -0.4) (end -0.8 0.4) (layer B.Fab) (width 0.1))
    (fp_text user %R (at 0 0 90) (layer B.Fab)
      (effects (font (size 0.4 0.4) (thickness 0.06)) (justify mirror))
    )
    (pad 1 smd roundrect (at -0.8625 0 90) (size 1.075 0.95) (layers B.Cu B.Paste B.Mask) (roundrect_rratio 0.25)
      (net 3 +3V3))
    (pad 2 smd roundrect (at 0.8625 0 90) (size 1.075 0.95) (layers B.Cu B.Paste B.Mask) (roundrect_rratio 0.25)
      (net 2 GND))
    (model ${KISYS3DMOD}/Capacitor_SMD.3dshapes/C_0603_1608Metric.wrl
      (at (xyz 0 0 0))
      (scale (xyz 1 1 1))
      (rotate (xyz 0 0 0))
    )
  )

  (module Capacitor_SMD:C_0603_1608Metric_Pad1.08x0.95mm_HandSolder (layer B.Cu) (tedit 5F68FEEF) (tstamp 5FFFA4DC)
    (at 97.25 71.5)
    (descr "Capacitor SMD 0603 (1608 Metric), square (rectangular) end terminal, IPC_7351 nominal with elongated pad for handsoldering. (Body size source: IPC-SM-782 page 76, https://www.pcb-3d.com/wordpress/wp-content/uploads/ipc-sm-782a_amendment_1_and_2.pdf), generated with kicad-footprint-generator")
    (tags "capacitor handsolder")
    (path /600D4409)
    (attr smd)
    (fp_text reference C7 (at -2.05 0.1 90) (layer B.SilkS)
      (effects (font (size 0.7 0.7) (thickness 0.15)) (justify mirror))
    )
    (fp_text value 0u1 (at 0 -1.43) (layer B.Fab)
      (effects (font (size 1 1) (thickness 0.15)) (justify mirror))
    )
    (fp_line (start -0.8 -0.4) (end -0.8 0.4) (layer B.Fab) (width 0.1))
    (fp_line (start -0.8 0.4) (end 0.8 0.4) (layer B.Fab) (width 0.1))
    (fp_line (start 0.8 0.4) (end 0.8 -0.4) (layer B.Fab) (width 0.1))
    (fp_line (start 0.8 -0.4) (end -0.8 -0.4) (layer B.Fab) (width 0.1))
    (fp_line (start -0.146267 0.51) (end 0.146267 0.51) (layer B.SilkS) (width 0.12))
    (fp_line (start -0.146267 -0.51) (end 0.146267 -0.51) (layer B.SilkS) (width 0.12))
    (fp_line (start -1.65 -0.73) (end -1.65 0.73) (layer B.CrtYd) (width 0.05))
    (fp_line (start -1.65 0.73) (end 1.65 0.73) (layer B.CrtYd) (width 0.05))
    (fp_line (start 1.65 0.73) (end 1.65 -0.73) (layer B.CrtYd) (width 0.05))
    (fp_line (start 1.65 -0.73) (end -1.65 -0.73) (layer B.CrtYd) (width 0.05))
    (fp_text user %R (at 0 0) (layer B.Fab)
      (effects (font (size 0.4 0.4) (thickness 0.06)) (justify mirror))
    )
    (pad 2 smd roundrect (at 0.8625 0) (size 1.075 0.95) (layers B.Cu B.Paste B.Mask) (roundrect_rratio 0.25)
      (net 2 GND))
    (pad 1 smd roundrect (at -0.8625 0) (size 1.075 0.95) (layers B.Cu B.Paste B.Mask) (roundrect_rratio 0.25)
      (net 5 BOOT0))
    (model ${KISYS3DMOD}/Capacitor_SMD.3dshapes/C_0603_1608Metric.wrl
      (at (xyz 0 0 0))
      (scale (xyz 1 1 1))
      (rotate (xyz 0 0 0))
    )
  )

  (module Capacitor_SMD:C_0603_1608Metric_Pad1.08x0.95mm_HandSolder (layer B.Cu) (tedit 5F68FEEF) (tstamp 5FFFA0FE)
    (at 100.75 71.5 180)
    (descr "Capacitor SMD 0603 (1608 Metric), square (rectangular) end terminal, IPC_7351 nominal with elongated pad for handsoldering. (Body size source: IPC-SM-782 page 76, https://www.pcb-3d.com/wordpress/wp-content/uploads/ipc-sm-782a_amendment_1_and_2.pdf), generated with kicad-footprint-generator")
    (tags "capacitor handsolder")
    (path /600D499B)
    (attr smd)
    (fp_text reference C8 (at -2.35 0) (layer B.SilkS)
      (effects (font (size 0.7 0.7) (thickness 0.15)) (justify mirror))
    )
    (fp_text value 0u1 (at 0 -1.43) (layer B.Fab)
      (effects (font (size 1 1) (thickness 0.15)) (justify mirror))
    )
    (fp_line (start -0.8 -0.4) (end -0.8 0.4) (layer B.Fab) (width 0.1))
    (fp_line (start -0.8 0.4) (end 0.8 0.4) (layer B.Fab) (width 0.1))
    (fp_line (start 0.8 0.4) (end 0.8 -0.4) (layer B.Fab) (width 0.1))
    (fp_line (start 0.8 -0.4) (end -0.8 -0.4) (layer B.Fab) (width 0.1))
    (fp_line (start -0.146267 0.51) (end 0.146267 0.51) (layer B.SilkS) (width 0.12))
    (fp_line (start -0.146267 -0.51) (end 0.146267 -0.51) (layer B.SilkS) (width 0.12))
    (fp_line (start -1.65 -0.73) (end -1.65 0.73) (layer B.CrtYd) (width 0.05))
    (fp_line (start -1.65 0.73) (end 1.65 0.73) (layer B.CrtYd) (width 0.05))
    (fp_line (start 1.65 0.73) (end 1.65 -0.73) (layer B.CrtYd) (width 0.05))
    (fp_line (start 1.65 -0.73) (end -1.65 -0.73) (layer B.CrtYd) (width 0.05))
    (fp_text user %R (at 0 0) (layer B.Fab)
      (effects (font (size 0.4 0.4) (thickness 0.06)) (justify mirror))
    )
    (pad 2 smd roundrect (at 0.8625 0 180) (size 1.075 0.95) (layers B.Cu B.Paste B.Mask) (roundrect_rratio 0.25)
      (net 2 GND))
    (pad 1 smd roundrect (at -0.8625 0 180) (size 1.075 0.95) (layers B.Cu B.Paste B.Mask) (roundrect_rratio 0.25)
      (net 4 EN))
    (model ${KISYS3DMOD}/Capacitor_SMD.3dshapes/C_0603_1608Metric.wrl
      (at (xyz 0 0 0))
      (scale (xyz 1 1 1))
      (rotate (xyz 0 0 0))
    )
  )

  (module Capacitor_SMD:C_0603_1608Metric_Pad1.08x0.95mm_HandSolder (layer B.Cu) (tedit 5F68FEEF) (tstamp 5FFFA47C)
    (at 106 74.25)
    (descr "Capacitor SMD 0603 (1608 Metric), square (rectangular) end terminal, IPC_7351 nominal with elongated pad for handsoldering. (Body size source: IPC-SM-782 page 76, https://www.pcb-3d.com/wordpress/wp-content/uploads/ipc-sm-782a_amendment_1_and_2.pdf), generated with kicad-footprint-generator")
    (tags "capacitor handsolder")
    (path /600D4D92)
    (attr smd)
    (fp_text reference C9 (at -2.1 0.45 90) (layer B.SilkS)
      (effects (font (size 0.7 0.7) (thickness 0.15)) (justify mirror))
    )
    (fp_text value 0u1 (at 0 -1.43) (layer B.Fab)
      (effects (font (size 1 1) (thickness 0.15)) (justify mirror))
    )
    (fp_line (start -0.8 -0.4) (end -0.8 0.4) (layer B.Fab) (width 0.1))
    (fp_line (start -0.8 0.4) (end 0.8 0.4) (layer B.Fab) (width 0.1))
    (fp_line (start 0.8 0.4) (end 0.8 -0.4) (layer B.Fab) (width 0.1))
    (fp_line (start 0.8 -0.4) (end -0.8 -0.4) (layer B.Fab) (width 0.1))
    (fp_line (start -0.146267 0.51) (end 0.146267 0.51) (layer B.SilkS) (width 0.12))
    (fp_line (start -0.146267 -0.51) (end 0.146267 -0.51) (layer B.SilkS) (width 0.12))
    (fp_line (start -1.65 -0.73) (end -1.65 0.73) (layer B.CrtYd) (width 0.05))
    (fp_line (start -1.65 0.73) (end 1.65 0.73) (layer B.CrtYd) (width 0.05))
    (fp_line (start 1.65 0.73) (end 1.65 -0.73) (layer B.CrtYd) (width 0.05))
    (fp_line (start 1.65 -0.73) (end -1.65 -0.73) (layer B.CrtYd) (width 0.05))
    (fp_text user %R (at 0 0) (layer B.Fab)
      (effects (font (size 0.4 0.4) (thickness 0.06)) (justify mirror))
    )
